

MASK
000000000//0x0
000000000
000000000
000111111//0x3f
000111111
000111111
000111111
000111111
000111111

000000000
000000000
000000000
111111000//0x1f8
111111000
111111000
111111000
111111000
111111000

111111000//0x1f8
111111000
111111000
111111000
111111000
111111000
000000000
000000000
000000000

000111111//0x3f
000111111
000111111
000111111
000111111
000111111
000000000
000000000
000000000

000000000
000000000
000000000
000111000//0x38
000111000
000111000
000111000
000111000
000111000

000000000
000000000
000000000
000111111//0x3f
000111111
000111111
000000000
000000000
000000000

000000000
000000000
000000000
111111000//0x1f8
111111000
111111000
000000000
000000000
000000000

000111000//0x38
000111000
000111000
000111000
000111000
000111000
000000000
000000000
000000000

000000000
000000000
000000000
000111000
000111100
000111110
000011111
000001111
000000111

000000000
000001110
000011110
000111110
001111100
011111000
011110000
011100000
000000000

000000000
011100000
011110000
011111000
001111100
000111110
000011110
000001110
000000000

000000111
000001111
000011111
000111110
000111100
000111000
000000000
000000000
000000000

111000000
111100000
111110000
011111000
001111000
000111000
000000000
000000000
000000000

000000111
000001111
000011111
000111110
001111100
011111000
111110000
111100000
111000000

000000000
011111000
011111000
011111000
011111000
011111000
000000000
000000000
000000000

000000000
000000000
000000000
000111110
000111110
000111110
000111110
000111110
000000000

000000000
000111110
000111110
000111110
000111110
000111110
000000000
000000000
000000000

000000000
000000000
000000000
011111000
011111000
011111000
011111000
011111000
000000000

000000000
000000000
000000000
001111000
001111000
001111000
001111000
000000000
000000000

000000000
000000000
000000000
000111100
000111100
000111100
000111100
000000000
000000000

000000000
000000000
000111100
000111100
000111100
000111100
000000000
000000000
000000000

000000000
000000000
001111000
001111000
001111000
001111000
000000000
000000000
000000000

000000000
000000000
000000000
000111000
000111000
000111000
000000000
000000000
000000000

000000000//alpha data
000000000
000000000
000000000
000000000
000000000
011111111
011111111
011111111
011111111
011111111
011111111
011111111
011111111
011111111
011111111
011111111
011111111
011111111
011111111
011111111
011111111
011111111
011111111//0xff

END
